0.010000 0.100000
0.020000 0.199985
0.030000 0.299880
0.040000 0.399490
0.050000 0.498441
0.060000 0.596122
0.070000 0.691628
0.080000 0.783713
0.090000 0.870748
0.100000 0.950696
0.110000 1.021103
0.120000 1.079127
0.130000 1.121593
0.140000 1.145097
0.150000 1.146170
0.160000 1.121489
0.170000 1.068161
0.180000 0.984059
0.190000 0.868203
0.200000 0.721168
0.210000 0.545477
0.220000 0.345941
0.230000 0.129875
0.240000 -0.092866
0.250000 -0.310107
0.260000 -0.507890
0.270000 -0.671367
0.280000 -0.786063
0.290000 -0.839441
0.300000 -0.822682
0.310000 -0.732473
0.320000 -0.572549
0.330000 -0.354684
0.340000 -0.098793
0.350000 0.168118
0.360000 0.414343
0.370000 0.607176
0.380000 0.717630
0.390000 0.725605
0.400000 0.624646
0.410000 0.425247
0.420000 0.155660
0.430000 -0.140598
0.440000 -0.410853
0.450000 -0.602490
0.460000 -0.673945
0.470000 -0.605252
0.480000 -0.405473
0.490000 -0.114412
0.500000 0.203094
0.510000 0.470383
0.520000 0.617569
0.530000 0.601325
0.540000 0.420194
0.550000 0.119858
0.560000 -0.215276
0.570000 -0.484068
0.580000 -0.599369
0.590000 -0.518501
0.600000 -0.262545
0.610000 0.084592
0.620000 0.400544
0.630000 0.566818
0.640000 0.515201
0.650000 0.259832
0.660000 -0.100940
0.670000 -0.418561
0.680000 -0.554573
0.690000 -0.443630
0.700000 -0.129999
0.710000 0.244063
0.720000 0.499335
0.730000 0.506164
0.740000 0.255006
0.750000 -0.128953
0.760000 -0.442789
0.770000 -0.512147
0.780000 -0.292328
0.790000 0.096013
0.800000 0.426493
0.810000 0.497326
0.820000 0.258987
0.830000 -0.143428
0.840000 -0.451469
0.850000 -0.458224
0.860000 -0.153107
0.870000 0.257709
0.880000 0.484166
0.890000 0.358271
0.900000 -0.033122
0.910000 -0.398319
0.920000 -0.454360
0.930000 -0.151517
0.940000 0.272513
0.950000 0.471354
0.960000 0.274546
0.970000 -0.156307
0.980000 -0.449697
0.990000 -0.342916
1.000000 0.073784
1.010000 0.421199
1.020000 0.372146
1.030000 -0.032490
1.040000 -0.404233
1.050000 -0.374360
1.060000 0.032818
1.070000 0.405020
1.080000 0.353377
1.090000 -0.073147
1.100000 -0.419317
1.110000 -0.304200
1.120000 0.149870
1.130000 0.432489
1.140000 0.215860
1.150000 -0.252715
1.160000 -0.419153
1.170000 -0.078747
1.180000 0.357060
1.190000 0.346635
1.200000 -0.102035
1.210000 -0.418151
1.220000 -0.188468
1.230000 0.289498
1.240000 0.377487
1.250000 -0.048406
1.260000 -0.405934
1.270000 -0.194029
1.280000 0.292444
1.290000 0.356302
1.300000 -0.099813
1.310000 -0.406618
1.320000 -0.102924
1.330000 0.355903
1.340000 0.265340
1.350000 -0.238500
1.360000 -0.363755
1.370000 0.093289
1.380000 0.397418
1.390000 0.048452
1.400000 -0.379595
1.410000 -0.167661
1.420000 0.328797
1.430000 0.256786
1.440000 -0.262670
1.450000 -0.316531
1.460000 0.194955
1.470000 0.352177
1.480000 -0.134808
1.490000 -0.370581
1.500000 0.087459
1.510000 0.378211
1.520000 -0.055402
1.530000 -0.380069
1.540000 0.039536
1.550000 0.379223
1.560000 -0.040023
1.570000 -0.376657
1.580000 0.056713
1.590000 0.371256
1.600000 -0.089129
1.610000 -0.359855
1.620000 0.136005
1.630000 0.337441
1.640000 -0.194415
1.650000 -0.297695
1.660000 0.258610
1.670000 0.234175
1.680000 -0.318886
1.690000 -0.142448
1.700000 0.361072
1.710000 0.023249
1.720000 -0.367566
1.730000 0.113755
1.740000 0.320993
1.750000 -0.246976
1.760000 -0.211129
1.770000 0.343153
1.780000 0.044340
1.790000 -0.363955
1.800000 0.147900
1.810000 0.280913
1.820000 -0.307925
1.830000 -0.096537
1.840000 0.365999
1.850000 -0.137821
1.860000 -0.273092
1.870000 0.323886
1.880000 0.043078
1.890000 -0.353704
1.900000 0.222714
1.910000 0.179770
1.920000 -0.364665
1.930000 0.119428
1.940000 0.262503
1.950000 -0.345355
1.960000 0.044542
1.970000 0.303217
1.980000 -0.326371
1.990000 0.009197
2.000000 0.315779
2.010000 -0.324141
2.020000 0.016403
2.030000 0.305418
2.040000 -0.341533
2.050000 0.067448
2.060000 0.264964
2.070000 -0.367070
2.080000 0.160166
2.090000 0.176701
2.100000 -0.371273
2.110000 0.277796
2.120000 0.023762
2.130000 -0.306466
2.140000 0.371356
2.150000 -0.182047
2.160000 -0.126664
2.170000 0.352853
2.180000 -0.360311
2.190000 0.153618
2.200000 0.139860
2.210000 -0.354935
2.220000 0.381708
2.230000 -0.215540
2.240000 -0.053831
2.250000 0.296992
2.260000 -0.408668
2.270000 0.349660
2.280000 -0.153180
2.290000 -0.099227
2.300000 0.315592
2.310000 -0.427404
2.320000 0.408023
2.330000 -0.273073
2.340000 0.067448
2.350000 0.153228
2.360000 -0.339406
2.370000 0.458247
2.380000 -0.496938
2.390000 0.460089
2.400000 -0.363767
2.410000 0.228741
2.420000 -0.074775
2.430000 -0.083158
2.440000 0.236710
2.450000 -0.384546
2.460000 0.532002
2.470000 -0.690783
2.480000 0.879413
2.490000 -1.125142
2.500000 1.468210
2.510000 -1.969847
2.520000 2.726435
2.530000 -3.894194
2.540000 5.732383
2.550000 -8.679723
2.560000 13.491397
2.570000 -21.488000
2.580000 35.013986
2.590000 -58.293103
2.600000 99.045323
2.610000 -171.582273
2.620000 302.807999
2.630000 -543.997030
2.640000 994.196537
2.650000 -1847.289660
2.660000 3487.777783
2.670000 -6688.020246
2.680000 13019.139186
2.690000 -25716.899057
2.700000 51527.040942
2.710000 -104682.019847
2.720000 215565.568475
2.730000 -449796.684016
2.740000 950714.056222
2.750000 -2034955.717373
2.760000 4409736.124002
2.770000 -9671861.839628
2.780000 21465459.112525
2.790000 -48194861.154511
2.800000 109444574.388331
2.810000 -251320253.424451
2.820000 583460240.001042
2.830000 -1369178389.199787
2.840000 3247070338.252040
2.850000 -7780855441.041022
2.860000 18836103690.575741
2.870000 -46058496374.848289
2.880000 113739915290.384430
2.890000 -283617139341.308777
2.900000 714007467607.293701
2.910000 -1814513531867.153809
2.920000 4654182088109.260742
2.930000 -12047382645741.085938
2.940000 31466651458227.945312
2.950000 -82920308340616.046875
2.960000 220429421004366.406250
2.970000 -591049395712585.250000
2.980000 1598351716546864.250000
2.990000 -4358785501306622.500000
3.000000 11985462256608058.000000
3.010000 -33227150139848384.000000
3.020000 92861248796200512.000000
3.030000 -261597961344401664.000000
3.040000 742760876851426176.000000
3.050000 -2125377204141651968.000000
3.060000 6128495762612589568.000000
3.070000 -17805827940110002176.000000
3.080000 52122034165362163712.000000
3.090000 -153706718739014615040.000000
3.100000 456603197005685260288.000000
3.110000 -1366226750432572080128.000000
3.120000 4117260215644976578560.000000
3.130000 -12495691153247270076416.000000
3.140000 38189518494557662085120.000000
3.150000 -117523913382224082239488.000000
3.160000 364144202827949764771840.000000
3.170000 -1135934430225323855446016.000000
3.180000 3567254565212757803663360.000000
3.190000 -11276772580790748395339776.000000
3.200000 35881859388806596720066560.000000
3.210000 -114914430066829151248056320.000000
3.220000 370385852993740397611057152.000000
3.230000 -1201394530814101183264718848.000000
3.240000 3921390830651301722194968576.000000
3.250000 -12879236810305607472164896768.000000
3.260000 42560670256215177370649231360.000000
3.270000 -141503903223820636007325237248.000000
3.280000 473307937647580125662386585600.000000
3.290000 -1592607670614284746076960325632.000000
3.300000 5390612993100011165388080414720.000000
3.310000 -18352995777999031258620887040000.000000
3.320000 62847902058400351618259356745728.000000
3.330000 -216453980081519169297385961553920.000000
3.340000 749734851826504179755795211091968.000000
3.350000 -2611523323751413746296025635618816.000000
3.360000 9147477195959340654576440843436032.000000
3.370000 -32218660542545631838868084128481280.000000
3.380000 114101198802627008623774204126298112.000000
3.390000 -406282135369680980329196126193319936.000000
3.400000 1454449317008255991165253246280269824.000000
3.410000 -5234578188074290446571097440959594496.000000
3.420000 18938964731561298815878245030175965184.000000
3.430000 -68881366234203644514376502303407472640.000000
3.440000 251824557876358197370463922221674921984.000000
3.450000 -925391181315966719793385035150739374080.000000
3.460000 3417936692667479878017778062577125818368.000000
3.470000 -12688046860307041319030480001206948200448.000000
3.480000 47336771622760054793869041010151459389440.000000
3.490000 -177483046219516745177443655847830444048384.000000
3.500000 668730346588930635272157974562807002169344.000000
3.510000 -2531995400229320489714375731683280281403392.000000
3.520000 9633288703480357891837593578604505725927424.000000
3.530000 -36827168799978104383388549108422240270024704.000000
3.540000 141457746783888123146142913311115032385290240.000000
3.550000 -545924494659364795517212527410589057075380224.000000
3.560000 2116746713354276616461591075007223958182297600.000000
3.570000 -8245536775792504295282950159059743760415981568.000000
3.580000 32267563877610813342525774268343209167199141888.000000
3.590000 -126851127277057842462080787879534664103474757632.000000
3.600000 500941839252114018377699128044821174086688309248.000000
3.610000 -1987143495121827841792910745815908909289589178368.000000
3.620000 7917798283851237336194461249459045435070023204864.000000
3.630000 -31688191350497194507812874607147103952930540093440.000000
3.640000 127377586908886313817614873608413032847478213312512.000000
3.650000 -514252077972324894648700412818681939929329918017536.000000
3.660000 2085123017298766963700969032972351163825174953852928.000000
3.670000 -8490733335387430122328696514596538650413689259163648.000000
3.680000 34721789340961953684086151627134209481708525917831168.000000
3.690000 -142589661083525457119824624058938228538759586198323200.000000
3.700000 588015614820035251928627941517643901039605250716073984.000000
3.710000 -2434952973164219962159518464885941027927809712040443904.000000
3.720000 10124635026883563578719823407910243465436080097271480320.000000
3.730000 -42270910666855086294700308798439508956269677826193489920.000000
3.740000 177200022490946918370058684025633956137896466066601672704.000000
3.750000 -745817474345968552567280672945214666522763086523864711168.000000
3.760000 3151626761489687141964625825961199080560097464829362569216.000000
3.770000 -13370801202136035488345964952515651077055203614976083230720.000000
3.780000 56949202521492932800735868378206096115072390962954545135616.000000
3.790000 -243507706226789270294995686025804490853838752543829605220352.000000
3.800000 1045249699890819836149878568060615144353500434070501175853056.000000
3.810000 -4503988231644962921419526148317951363151798223172099238789120.000000
3.820000 19481931531912199444091898600452977647138126002281749887844352.000000
3.830000 -84588671364313613872707200248776422173649834669091690855268352.000000
3.840000 368659823856897983331796695880907426514246424761875893896347648.000000
3.850000 -1612727389181822305378254366185640135157108431801555500820070400.000000
3.860000 7081184543122010000314051876367575285057067337961671646773248000.000000
3.870000 -31206786649160916325444428071111653651182354612827958404779606016.000000
3.880000 138031718254411674923546125854886020379038761356783460025729286144.000000
3.890000 -612751073158012857363299245848759513820146123280857518197018984448.000000
3.900000 2729941715075677671474715630327377280494017938012683496985471221760.000000
3.910000 -12206064559612575096852957153191112457833082296733587237648065363968.000000
3.920000 54769647905468699832715777462647487119095641029004541548866652078080.000000
3.930000 -246624010861964571496011144318252717442850116812429181858358166028288.000000
3.940000 1114425711044056765286558426510661857362434801837025244888406064889856.000000
3.950000 -5053317681328584258064569260843865741151168590732366679797317813403648.000000
3.960000 22993297330245152630639371185012896217952590061540472106927281273831424.000000
3.970000 -104981955805286114056569687092357996171594971856700419898337676662669312.000000
3.980000 480957273380107976229127294010909449134868930191270211731627824528752640.000000
3.990000 -2210887059661858847197486427971434592352623837172103905780508859878604800.000000
4.000000 10197289231411836176084520088038444846915600908088326441521900996444291072.000000
4.010000 -47190114980984547738070785834855974773290757182674607160733604373399076864.000000
4.020000 219106646959351905025190242534217553116525802097115778609921443892113178624.000000
4.030000 -1020677382821267037701658964749451404915153441005006008217187549280083116032.000000
4.040000 4770239148136921425154959590666602483137817595438380740220924882002523455488.000000
4.050000 -22366649602905119973701324824103099873995873145299392373902346643276080087040.000000
4.060000 105211044446239739092183994935989921830482704047681375178787548827146887626752.000000
4.070000 -496491634498426873504408077930221960292789746151413344768679267735139130540032.000000
4.080000 2350408925012523424314272520502802210823646314598657482406283823965805513539584.000000
4.090000 -11162117341651554569543413034075376271915905108194956840594009981367563193417728.000000
4.100000 53175584192978059811000519570127386580502913513671392092377803559080034270445568.000000
4.110000 -254115666877985159863948629932731755819902841507573146364218005655413047322214400.000000
4.120000 1218134214307278068891817279122110015518872960060273903648557250280498116568285184.000000
4.130000 -5857259985442168123822479180220018714034945051138944874345098318945370031007989760.000000
4.140000 28250148623428191281888044806901789191951934723930963802609967145760543208198111232.000000
4.150000 -136667468177870663683850604110367477231836417967124965860093436460866917046574645248.000000
4.160000 663161219693083706171206654351763608845870724546943531840863989195747089523769606144.000000
4.170000 -3227558488876565264792911565892547480048024845923749443291978426545809455412236255232.000000
4.180000 15755119260711102747803117211826359071248622687164437010228664264183969329403979104256.000000
4.190000 -77135352829963203654431654457175681694450633234773428146174796636686243777230839742464.000000
4.200000 378757423527755623683080672358435928398205427400098856164905047472695241038101773025280.000000
4.210000 -1865247766756681282069775936453995224395229310580343730315262449454260359425212689678336.000000
4.220000 9212371780846939849416097528354029517872955962246868413994569019453119216901110393470976.000000
4.230000 -45630777955172195372866620611432785024352953643215813417387129272452053868900662640640000.000000
4.240000 226666735656779646131538849065179176035030057950612737379182858319467903430666278209060864.000000
4.250000 -1129154299587005197503016634002491021489873817282462195744806939724565757476423704984420352.000000
4.260000 5640875805635936523842635701446048254730396434643033494203145005158902754627312995130146816.000000
4.270000 -28259193039271457323899510790393807282106544397839945510493767530866975660245651577322340352.000000
4.280000 141966294635496006305734050788007466993519424395849932967963723891002187959874139226898432000.000000
4.290000 -715180034535467689184593452659275068527876816536003690763787127595808254539622694342455459840.000000
4.300000 3612789012784976554349754110223749920829636236927906323856041142846191071357127650531948363776.000000
4.310000 -18300350498234985670998782296407928262461483339229426397478550048426024313881104512319378948096.000000
4.320000 92951923526702937817264465694072847162018746365497680494640786609007805811690487183786968612864.000000
4.330000 -473404260469072274604730144366339038474114134228273750684829700519983659611352806713963866750976.000000
4.340000 2417538821358526843581254223758186657629593444831156650259897155734532356005747050239579773730816.000000
4.350000 -12378699984104273251210441683416858288509015484713870022699002271694101804172997059783534613364736.000000
4.360000 63552075640890121978353517088673861334898995932441976070193562140634741068697570248179141968920576.000000
4.370000 -327137599098007236672721257173470392362528341901363744979085424599823436623658431422119501713375232.000000
4.380000 1688379873879293115028556104541903254833606396699229183222482281696117505449200347979082299128938496.000000
4.390000 -8736588407750208849444959359722434148424115514514391646759349761248616625355083510110408897539866624.000000
4.400000 45325089904496854227898875912174514268973575165132406295794044579303201889235389127821388640998653952.000000
4.410000 -235751087711393061107986272069875905144597160661075989198541026231727713620447535018561693390871724032.000000
4.420000 1229363096761868724733288380277719174983553133519911333624265008813445157818759984510128554383733948416.000000
4.430000 -6427044952934054361261049263558880062368416395180837244073734402415534008798406946922843786044898279424.000000
4.440000 33685307872118489948075227651215038519227945657974578188653953936250187338600416560351036786062565310464.000000
4.450000 -176995041578965906662698189664616708554483717348874645473052064040632249503807429489736642443358234476544.000000
4.460000 932323236559041581908072827819026046153286876624965196700074759825973556590363000150925516672227373744128.000000
4.470000 -4923231254784769784052086336305952903597014252518532392092970701212525952188137713823757448959385711673344.000000
4.480000 26061885225672553933454775995387434347622945010460101378509951030007364170568984537398820439630615779737600.000000
4.490000 -138301497833685163246732876012627667195511866023376870608196797034706666558436985068048947212038041241649152.000000
4.500000 735710673885857652333004834362000313691884008177269922865467741383079056023221890022781318261540711674413056.000000
4.510000 -3923196443058138548985786612654595148757564678807770673115303346899920953665542727020971104762617398120415232.000000
4.520000 20971023972823464349681610374006099976626673414570790721737955807354991057653350934991017702062452574060019712.000000
4.530000 -112367214348551793537919919431288468792557775753687911493677917154668589427810528360260857020130396147210518528.000000
4.540000 603523036252084062559760693398558280327236009328352297782169912480965407429260802880862122829225282342165151744.000000
4.550000 -3249198634018093883158588886882837009479984055958947733049239359902038442948423565172937906295532764239568568320.000000
4.560000 17533992246722623385011326745289531904954433495268625197265217695305974963013352929198867569348199305134225752064.000000
4.570000 -94842176183117352734081332702388647679587152319591211363971037867283618984996701232178476538152892445422212087808.000000
4.580000 514200419000586585645248795745907140086159964172200287330931912902235003170123015156755530515505224565283063070720.000000
4.590000 -2794265505295459339136792616396902364279771367286861978404008334597246862441778653082906716503177994432585628909568.000000
4.600000 15219535587965336410762382465597584088026574854635958616435394216446870361273443275306721258472647631409040538468352.000000
4.610000 -83085995325006154986755416066977072992800207957558282823295646335256819162301266155703574186840307458434367506874368.000000
4.620000 454612322446004721294845816268371835975916630983723050628204094414087455053180808193105268421296826453923349351366656.000000
4.630000 -2493077796934353853434408042053733091149112296821957239741133230423763702281512347769092383185741442227437631585648640.000000
4.640000 13702697079596163826402809102768660922833669387965523345222901257124573484235846055081421792191820247046044584635269120.000000
4.650000 -75482499741248056102078486250884038618684714084273510831312888082723668366653377367624080449515030465818979598545715200.000000
4.660000 416726309505433032791439411451319285912497517786579514019687366192332048429207776876886661467733870491850888164061216768.000000
4.670000 -2305761994364836095140122403257314447896507996927329173999503490697374319360310979027944836652709016850174525315437559808.000000
4.680000 12785904896512202653199975857322111255127181192440310984542582809024443263524517883838511405123150924715714866309173870592.000000
4.690000 -71055298691500312368432383954145110537403318475240942180970565220556045254087693699465269152195902908938958387218938331136.000000
4.700000 395734658982739220160406930872107543947762461746985782193171530326918799555935240030388254168162830864218881457939005046784.000000
4.710000 -2208762299251851796974889248140986322615369178658509667220433437982770551944917120943974992035236143629243540376166040862720.000000
4.720000 12354519100120310616924820611378965596296751736097314188137066364776130626460576969041383877898542122435038343442917115297792.000000
4.730000 -69251537504384566979490624097785862092018377389232127089767271693837073580099017923273220374029702035857744869210760335589376.000000
4.740000 389004374737192611543685101386110861743566271178140756819277472138995130502804975653525192068643670675313147906986507119886336.000000
4.750000 -2189756693852481893421813761333234918141658503575272617039846675247076284415962008233788044599202679944765048953861782674341888.000000
4.760000 12352316554271355430991057526661657789624181387272636187961198315477890728691950934575089609678802795286411738949796507540258816.000000
4.770000 -69824371852904282042766175731193165661960576478382917575127160776821866814394268274704114669892336209537308868980650574526545920.000000
4.780000 395518386285695790633410216148874751442531297218216430330946607036948129240856035844226831384836629750027064972033080120999673856.000000
4.790000 -2245030843223245713357281361290933660351923048064619987408805826750928674309335235312411391653305862229469858930652530862721073152.000000
4.800000 12769354980878663165587491470800705122427444350584752325214919227863169154180690078050452237739554255850706014408404567094338781184.000000
4.810000 -72778261837958069083840455526105100669927019232250642553540887707608544106307698465174230058333871641640007424859317047824085942272.000000
4.820000 415638303222341849288382371075226496524335624006452127945000618033188159242147069893001712670843211583095874707008615129087760924672.000000
4.830000 -2378514179460059173415635084475003306187277130130234358478742865049516769328948778019048701572643944665032895202485716753553003905024.000000
4.840000 13638524658737336652709874084749678689767318542654617638191026352957822675482753292229481709723198500842090285444657830287327981731840.000000
4.850000 -78360232276803441317892914730280211852419464643780651868506015988075255461224584582730206382393102966249057468270524721840543412256768.000000
4.860000 451113632480916261556972397607310002178038846057188491041010985972797866443092608874060344566030669923398640440005816368000764550840320.000000
4.870000 -2602156318349793747489766540326413432722483714368540093942472991133205847006182184228876369469698333407498780707759800341859815336706048.000000
4.880000 15039497327409923447418739835476632472282418479591997437751999022467685962755265584763616206227878897337551313345118320853632355464642560.000000
4.890000 -87092572104499696345987495795230862596798083017499408444618449339779070355665633673544568278825642394233289280554793636263286533710151680.000000
4.900000 505326593463184783799770328844249493972601416761242360677214727716320230299499447869636208687268352022193047298499140672683608367511371776.000000
4.910000 -2937662177980015911605593148379505915572376363497523686837794372051071382176795831302859676213501113905437143943941657147137456783558180864.000000
4.920000 17110616703883033417449499366376063878809529164524317672119070012368532361864783307233955122279547774206402359981017422609678137202472648704.000000
4.930000 -99852530133035184179465856003314223436791663953028159040566113605093499641606023096488580351913264281820390377480690072207727148210319261696.000000
4.940000 583818167447278618302638310874622386978393735138190912770767113934467287742044772028067704365261327692505988870580120334640576764314036207616.000000
4.950000 -3419926804224439063524835998236064266270896990485599927423244478062113759500296572078422690922438345258382891415096558349979321600548391616512.000000
4.960000 20071150956876831953803280662461635283541598221004357039648901794224565706625386490867555762828945987480695112441969786449177143534934021898240.000000
4.970000 -118015655547159995848485479323213265667052926352613614451310257240420948702074177057160893438897119621938005114898848814211441201829237271560192.000000
4.980000 695207581685344926431874717034121542390656198218777046739266944625869845369524181648956182724777758295933905175869102132574066712023015410892800.000000
4.990000 -4102915665680399220190088670861428531986552112519694228058182240471082371103087413135314132179244692966473053916516984838369582623898776817893376.000000
5.000000 24258816502829790261482352617030260000821585008466621684056853932126258324702738119262849018139933683541964022626436935467184982866421668898668544.000000
5.010000 -143694883067279008132687010737619847609996123356856634640347774887058063192171203912576809499700396802677076024430600959916725406437170177768423424.000000
5.020000 852714109002878978615798400971683896338560502493451899127014366768889441140073652239579422687151894519965666250990626334052747464280577947455193088.000000
5.030000 -5069345060784272436047410416459022925488493803568546557805187536122257404416198497563345031094484640062467692322584509020983763453848528795780251648.000000
5.040000 30191337725781647833819129906101669945264992153363922829251901860104808688054442254350318787731714653127763239975868731408164990670998853620315717632.000000
5.050000 -180131980672104094148813695221974281711975000036028374265071189738960769578934328281783891172318424132341906352903714436790097105463797069673018687488.000000
5.060000 1076646557714906245353136284718682274374693989002723427049573359756691556533678207813204225323785602027294523820711368071130176072305930895174729203712.000000
5.070000 -6446519180816828581136122265139102498753061972826272416688612890585508735088480972106580388990967699057166885746309188218960887660090870983443907346432.000000
5.080000 38667237876986251765008252817717670310917675442286080922749171359683851275318895404148503166724684108896641260099696337894578925352438663631363209428992.000000
5.090000 -232339341865673291752098234822530580534758400513313057462430740633248584682151424783365945859027606079684198011880818053213007135565524645700837211897856.000000
5.100000 1398492390503862740539820565716565286283084097978047778470068039080211304086313897214330641205266801206598716925551799144574025279939868763544701198401536.000000
5.110000 -8432401006309909942304750370067447154829903045560926005998686903069336987478116049035325409450873265156069678330275611982912353550478583255677497482674176.000000
5.120000 50932179054339737044823193013873265836477965857937433291113264028111702464301321529337960032356390196996208141583070947595712668497154748487922406855278592.000000
5.130000 -308162099186627816121315007094193264329776498984230277122604613934356171736059252117727645735003320530767068004305534046231418270506742448733107935059640320.000000
5.140000 1867704984880436943046230065921998015441646818812090238510256665959360894028610661969683698507278024126668841871067012379106931516774251768170273761136738304.000000
5.150000 -11339021356610219089345407238445272842677828400764767855438372644234668027581144799669936116722169764112417696680703654124630413289309663982343398981306941440.000000
5.160000 68956830400335208516046632214494408695879752268156974085166304619107637620930341153616236359735703901405777206628057230504677061081891897879269481208294146048.000000
5.170000 -420058366110413463277508042330495495173441120634769357594578482528314517454728674607069950869008377961083642003480512081508931510870020671778608943127192403968.000000
5.180000 2563119479721191100881640686313008797385559973245339253582009355243925934399325207637295786432917939192269751613719011492251465008556568337559236418683831058432.000000
5.190000 -15665749916097057254499185407206838755889852325022790834670512662436521989329643806651007395991320866647154357501626319813892060578184512430774454834918001213440.000000
5.200000 95907581564527799060073036233692115550867941198995667178404729366691314711475153262949192062627417739155632643972345574356122569241481799159402442300010878992384.000000
5.210000 -588126049447847806069697182782438869799305666893108880809346183953516916141743988470092904751540555975859216377662787230479717941930206653536418696346181730041856.000000
5.220000 3612434285656122151540985729179241916632250720276618024537388194656363025871390924070958061279997944979283121020536601350785823516659706741186711469949277502963712.000000
5.230000 -22224803156686906442684420052111644748184922801266432794566622594090663787319434903765995976400963515631552084826021396981855268066604850401733108990552982291480576.000000
5.240000 136955887866159674219531607785576666710338555334458304471353670964129123272028343478843922504838686070049065743461094715913732126608327466580196445299176155077672960.000000
5.250000 -845326966238383269819525274188343680478099065627033322582371980559060877020853934611379416931109995521166623077420359258836890779898298734072292564911726691065266176.000000
5.260000 5225963941318995961907771473688722560720238516830172461505277244099503680982250050880865231203119764695716961525672015322945271869049179698230316486395107980685082624.000000
5.270000 -32359531659368881745171085481847514624221076350135682666448435477002462478622142918450006063636249003556725244512865589546720759580340168859049204814801834763375083520.000000
5.280000 200691355750515127512554081797667516718485701914459274218643250654246699142606445352306204295193167535793906239372071786965085825713727037150069796877519006037406908416.000000
5.290000 -1246643389917600665106887317032011370236151505227190325057107479930659776349834260469928054839929205911805634345442409368561516432926467465691076295800566915905169129472.000000
5.300000 7756029966543962524622703321580897486029170268886517641496554736501493273271129409743731962011517577996605559037985862149021732143479079220269057526671942980544803897344.000000
5.310000 -48330016704066788867181996648016264754075772966337682402359561666577903693272397812190835192498153223635574392817450892530869962441665444041799126521852236461431263854592.000000
5.320000 301627699532509934157666249522854283440964886498181554193486981393796827357595423301950862134903621166043527014908701012948871777130247250735543689132083244276547472850944.000000
5.330000 -1885380078627988200797074359933860220564280888270824973703229266563947343963650293848949314808591078818777767252167680201203401492310118764788844034713069044998447864741888.000000
5.340000 11803115320336754714166957184415548838802692402630190142706972382775857326485650142767159604075760894556932911135225333617386100571642750019998508807863992136380155854585856.000000
5.350000 -74005003373465310469115065214509687409749762352387230747490960996260224164194156451145316380045846893070537016295370079535952530192074897888270639616477986789821788857565184.000000
5.360000 464717348329821790698780728533047856765576579229191603395024809685672371967804588797250311416865837626100747585181652288935045405991240975222350484877184424189758269695197184.000000
5.370000 -2922649630513338285254372277366805743647089828480101851419247616402676058330848711945827219068942949318553457044386438378634872774537317338759985123001716658334530852681154560.000000
5.380000 18408627515817710449598080060790046325881419520821107081862687032021319704335408407747501166274611438058338090965708974426522766339485269931075072800198051541554017849015533568.000000
5.390000 -116123359623805004735028701220829781976885840029065461972632105667541807172976067558136568841166299439843285159781823428615121008101962587113404261325588566693440517023320768512.000000
5.400000 733614764864856233681587729382619097308406127214324004073554127382389625588330137860727833186843914491588240202657014347372081913755406932084247020783274208178251415968687325184.000000
5.410000 -4641556148846765206933106805890453805679210865017064083841565762419273897742864456742410498186035150503898180020293634148280875549735478900431134852793703349890468509235151896576.000000
5.420000 29410542335883743781419317392966549628108847104025027013529538634381381999135839239315450024414764011366940642418640410964728180337938136782241459918618568502635858237100245647360.000000
5.430000 -186630734059648706027556076591818279215919392427682279231029700112562412623986296370126571703837450336551678582544804292403658232589487052236949423126441204205381062801643800625152.000000
5.440000 1186044134804761298832667892178635310174401665500360297348015908891847006104842212673060889955499100558955598814682096705570126978785605342746554551035061865401387345126646282715136.000000
5.450000 -7548366177156679847436174766133104582241749199523645165654208530986572233059583860941595732663644740135371786182312244917370460095155403224236726983725848090487101448654878322720768.000000
5.460000 48110113705115014323931927498129856496330624543185576464578111855321236874503128228709744311339608320004051553917225524545800393092641005454841331913298744231201192626844702844387328.000000
5.470000 -307077524287131910872518781012374837164475373867232877959504588768973867918570831601810545021178680682174315865614393521561479336864178203142602213164493840899729149918394358970712064.000000
5.480000 1962839695823605982666373540181529457422958594026052387046077339003139931812442619418843284102659549503565803564628972287019073779971319810967357042915698058291393065725516203576786944.000000
5.490000 -12564457443787681172249613211245657289823482909041361399187372711730296905781390570780187371400246040799640989943424115311587743178525763421258739907910649551606983505089589986577088512.000000
5.500000 80541872705628458675095908879250733700247837370533494084508439029515007162861511532765649266533213205162269570268641615738584821899836697418689230250365973099039693429001859636404420608.000000
5.510000 -517030036647471640991940401206858525078205223618344907246585785093179661804791400571370518055559542479815523704052498885102539437613770641987739974490590583359734722173612714576821878784.000000
5.520000 3323708304015429752772970095753514337037456599399959495965495650411326359204484950247623675760417322239829211040136516002825176221610612375569950069104953604199512232902158286978610626560.000000
5.530000 -21396371887746779573382459227814658745702116192096851133152136094613947931836514668596943935996535655765408941641256445068204746815716677408716120954821533867678204082075989030333602332672.000000
5.540000 137931840084681156479783860653582431848014285054655581229483611008510554665092221003094688157778438882098567001094886713191727409514759070882989339147904984876680385960279358305582282964992.000000
5.550000 -890416393848086158007749336841546131734600881589511288451010962329670805250530117438857059364211150864205641353029471443504488287016459925252263063502693109537532780292026901516539454816256.000000
5.560000 5756030380078655769358290033286271286574334138475824669294881248270007752539846904037078179643277831758924598834951752644982649058123833970041122756256965553130021750886488903896058984136704.000000
5.570000 -37260735777571251961763988785859427613687778030103722349830753213890077962433119120380107781584290852083158872596036616965235524335113237855448078046151205321751343817124916473175171800236032.000000
5.580000 241532357134008647382286902395610585834319114545709549013967393090688307412238494542883546492458704547361191565771899456150826370999535131293283977254141763755960407408787866674136198097666048.000000
5.590000 -1567804477993272634710398344113244387305756306472906049743678912885056278454848558952254332503778199672446102567692469253086828665812853459690805654399862923033582443839419794233315507698663424.000000
5.600000 10190566587769873658678244471749130866843614841835317894340465358793412086487340612308396777323596912453384241383747773701070469210789717873812310002338263301178224778103110254141367274090528768.000000
5.610000 -66327219503393100132894390759923438072002849448389119027592838216272673550402905767629851917521528722946109309733082647181695301206001871911987427123009512264557612684719466742780294486464397312.000000
5.620000 432284317645768857594712149899014495225738385679305706655410783872014674408628058221215824316078624760668157438962624422108914730130294357650855133847683591903622072947695874961562840561751162880.000000
5.630000 -2821165823663424735175595624677368376543223881046615797681473183652386713532250940237227088963648026729501445608382587395996928903123653571630719769894383529771996347012649041182268359115343396864.000000
5.640000 18435988403885211593285725949119578815327395467491901476164098377310941027109683203201690732966191717377184156579024819583019197424815493538989830939912848690274544082359827691638703537581641957376.000000
5.650000 -120636900102430094274517498223060187269539554721174459167570203506687901229943708545247006974707095719422844535345047553424396324849891441271962728869134102372455201930084648080169695947767985209344.000000
5.660000 790436727446908221019514750547951168167624110176619731465111802268103328118705490919494698124380503705722932772446118796523827592566364384246383808426157831755408796537939731681469213216294855245824.000000
5.670000 -5185904802939755890871510388657153669097982439928184592180858908004300908594910633578419445172621230981847477672627742150146384922106046897152086622464272430689072314216343457560410994084636090433536.000000
5.680000 34068244793924049574736056080746719676497014077127538229642533586243111756778282896055647084934791644871732163109109104628712303430928325570051668455389887796525205186112169289909516449345951884115968.000000
5.690000 -224099088040325008964754308880196654245369911857530244676785889884507587513520582086053824505470107875363245785517198578760449665186968063224172652178516746139265249403358627213369443707472651288051712.000000
5.700000 1476022127482339426405846334168864073644460143758886736537057509663149223469314358421308467752916229524800765627608855171191161358608359926571152805221878854286953656421416186025776768535240266295017472.000000
5.710000 -9734316231437238951610997630913268086629100531832118268117327728248280771930414414554934063250377807773565365821072369818882446479196122639741465627828251318410773269728358313349332244630925499277770752.000000
5.720000 64279902331206973731581813024403514868375780295927137249784920794962661561278678060384559034315561594921164433641670313522775400825313407367621622662892606099514969926930205099422261648018377194191454208.000000
5.730000 -425010371708410553071511343045248715945797219144382954844104792588696702930906157080665126029971726284466576277358504286192623192631549620428631557128217853409364039125145842537579600607329406665837510656.000000
5.740000 2813687205262150720603420136802649663528986463762252254800461174660684132245263236355535814213520696903396586055164948669886520171920900404576649421116643586689242694429462972812494465793443427617297399808.000000
5.750000 -18650972875914448797051732076044748387227765317931516292041483673952676420159893145389134530982253071965384633228021046029933639811403845542574545789052698311471352993394662878625450351975198156933293932544.000000
5.760000 123786701176025864364156023164132850240921128826100991516842060980066712340615959714774635591686198633581444852352677027500588650023817213951800134636164849975639535465331101345266336350775248518881998798848.000000
5.770000 -822603902067026822509556831899052834634445609683508594123246177102284464844539655046401722513934599926507334497688735241312199304339214261138823933808091560587021254036432250513830996989289956382246967443456.000000
5.780000 5473300419979883541865701367601377196933617386183878568076355665868065783989318665146298238770575068276060517735485579345580722147850729316538915661276632851173558472427016441412791544410122493382322483625984.000000
5.790000 -36462549971402195046986154833702857684146865084023683440978658305247868224657598632084151119749925040696055343370193779761068647534770496091096436266545120341898896116201258205947135231585876901745074494242816.000000
5.800000 243210050413202784581298618392193246581942008965900910915861512624239281456868098266402799786779596411218576225442484118594080762704384191197574970764166696566599689363988890330052353686140163848995103192383488.000000
5.810000 -1624240155475038812513808114048722690483191171119758268459415554179281421520885621698281423592305192889843323284367371669240443609774907918904349157078675609422457872758961129627662924235079693920606605453295616.000000
5.820000 10860523118259566923903207767526756446562768322301287605611933625198505216020100687771308505962219561427786298641379148626006560717156395951059414775875839296245186613117281446555994869757292248075989708733153280.000000
5.830000 -72707726927436686866828760139596791078361510732041649768738752512706342703733041422686803675831718576576823615850432582117736158799857686933189212020927653861433700768642949395989228524164928514454582817015726080.000000
5.840000 487345851495067887565880107494230055215152925815855327348940011625713299345953075975060243335352431749104299282174084091805223167222571273225969278171062412846254072533422919968948121728992618838361452880217505792.000000
5.850000 -3270532271268906459597395257878312339708658675122127588137417821853456027187795858221342008065701928731294260014321305004572498667744983825686472611853689574328850898774402026993324289446517395939733832262152617984.000000
5.860000 21974634203442773239944593714440671207740502744271741841304568001045287499157782784995074689610470696187042236102557644553106577516811113345499152680609081019317885792948864395297694631627004341349767847315826016256.000000
5.870000 -147823855834850836404194648548603280937972690962384934454685910685977499276180994190323545331961662445857812962189907379793868030721794090661499205230609244444886989460127821479911156316406324576178804066093121929216.000000
5.880000 995599511362217113823443891510960667976746826286509682342499682716826893909167495481552643319123534222567274521892625343551111306677803896706531724609976943064459571347172855544683912439678699663898346891737275826176.000000
5.890000 -6713356886830771963705655761528088611108424942448603467279083059750239300853448243701680502525624701558947695708576313855932184118704076273085661370540564206988359188255229342974055382729038523723304352751809588101120.000000
5.900000 45321821605859649135055886657768666722881207201557948001149818878710992373140369994829669757394159281245556240671093081315698835299408147319376983529823426599738030783770540961207813126076237088215215664712053765963776.000000
5.910000 -306326948062323538209184971653172367658912768714945453270013213099400141508321466709971749842877962593489643647076798782044266324754902295933866570262211983999806253755540980157425888389706296355529351411465440901201920.000000
5.920000 2072864693649043568847268434400884132459041842362119021425124655332228986107402775121636350605987069414508417411703490341309504160850855920016433476752765722725646267822762740138444806133085764274161597987436370386223104.000000
5.930000 -14043077748412014231214594236165918742455417457343448417565926708110834378577263752730747176196736616584076718728008347069554157755368493016586321000280556754275573556571187080896419158806016048626367789613722805148319744.000000
5.940000 95248237436789016229161366824630134741971027744166229792006756935978560488245130461418274979495019399007925945115681222460562111083626926496654808567536539421753744254795377071087059111480274091079441045429700875482300416.000000
5.950000 -646774095207380863990331634894402002553059601122232058492249961211621010437638111918104937364038632410053441266075623444430515999157483770321069529298933498856753558374824992277041502870105289105424356820087643069040558080.000000
5.960000 4396904590989143265848567681680150472229053049470067287386440337664680433128866877149449065505040191089168475927335582301395636001294661296333252930390079951948128417041222214335591924298684154856621959727551355847526318080.000000
5.970000 -29925262578183710643941226823294858208121479964482794294192477204206652616284886516416423157936490484305342968905876484071378703139568969548187794340997391362785836377863617168858322532553246222826174343068646097027441098752.000000
5.980000 203902786977083933831734489946873176063723488648007923625876725604350754910322737783127112482574702123567514492916672251358908698385968616418118554279715058820170279880292347920818931899084777494144458083659619465791178539008.000000
5.990000 -1390914365357259486362148402569425803510842884487635640628616632719325026560522873903775401768848731506097979959506737505460268962823305652180919453744033261454812971057826303841931733204241906924741519264994649491837349265408.000000
6.000000 9498771703517406599435641595436141536415021731807703890571374693786530662171199175441579236081743689484192743424359731578411700348883527249388626736983549683325587305215087485020200278791018754467211322163876390551769977978880.000000
6.010000 -64941472970278679516946370994435112159164708321925371833944903071405395901640118221286525758264543884295389862480385914140392142439781626806911692777306319809259650600091357916959483728525595926694502935149632424538021128306688.000000
6.020000 444490273407394880498305806321568979683115003390318446929182511940522348821571692597633180997685915086030132230169045521013576111320547088168150681263702869820399937460245675621440397997790680221959462735003712112494544280354816.000000
6.030000 -3045689726797453688644050550377489050181229272779343623631207869949580125351749453730141742086486275013425020759460246046449252907790390323238840842588698188445209153957324217431318960560007097627385836112861211231477137737252864.000000
6.040000 20892488157211689951143919430482107054782245982132407547020879646191562546555040953126945482755182043457264630140209784753155737488597698902128155191614905628316063203374357908026062212687772385846787630853320157896114693677776896.000000
6.050000 -143474141196020399096129617786878087294381443293300365337901448687458331787394703980740700617609583009491241581265647559533444434276231301438770472034496305532467500822100056532218981644618031352424247422495797867896545721941229568.000000
6.060000 986356547724843788408348035700506891768863061191702639730361649166265244936501539752236395871085397138887380187040774162372642325739543175536317772952195674345215198373131284011924418066067114528850932711228849112401705880503975936.000000
6.070000 -6788423644380577946585390285356276225950725469998367658628980504479825358450445687626456817156402092678991119292115496945067812230827606797762806715869091086129799393820635162856150088698117238588409031742173048900781502180861411328.000000
6.080000 46770987738418976172167521738124552028572637250454510055339915268164340348731695620320964545554259347452696517831948597456707502769930929126720807245483104218873258058388444614386139596952021364669726013949289682320866188867902898176.000000
6.090000 -322592783822259483569275897835026530344611095573567248732172568375907543279961656834219048501075650825802035082400298656535613626261096899424504558400216433765309883632355102456596250649076820894037889979378222443478231999462902857728.000000
6.100000 2227415170718443568394490117232805745613342888255906689549688312468426967910205357431826285443193321773998928308837885650263336432694564633194936237761661784210652484467189233792281228603856386112452924164752852377247540603574944792576.000000
6.110000 -15396217758732040939973991326400567334245411570225201168044896964385135737712437057874040453422088418406097682412055966935614585341394090904255664994812156395896277098654292839288865589276606045438375618459059971696583903665485537869824.000000
6.120000 106534728621659174720195284400684820039213290894487940156526677180750411493766320465906700193639935039971730201550013084015035824810826448920677263599649010835260707540609886985589618478889175597551563500260520265964029466632424754511872.000000
6.130000 -737956228724574505167002367930356060268678169557091928802786261191605283771534808121998073466466766880925016209952307037720530211087946516528973301202335026216482486888805509313263231935483753690977833203477418677433170320904771331948544.000000
6.140000 5117174253697570968772252458353069820322637047439099067545054386873190982322676190426431832930896116345253002176670541265310270319601139286680201349829765411471670306636605881933345856985778139034730244196552131107154637450204319781486592.000000
6.150000 -35521229579053089704703425462281343301587433875016984363038076842271672134683413839531045858691058045103302641225838393198082140293154819299515844365342852334347343571791550492798739654749691776204458130303488120431588378309192705724383232.000000
6.160000 246832274196345931172344899120097804090498602487018753534652370376190530540648924495298891596105684128494161339802500006085287830724939494020260400675188129249494893392663053158115088637562328966242562156427264955346673115175198091772952576.000000
6.170000 -1716999103156529391257491011888794645700730847831161840708643452082973574223519126192096977940771627810217852396429361777209216445351280607089626960787990367950018353974546104015773433246160841664496604001432983896359986088471483017678815232.000000
6.180000 11956122980206136343988940931064663701132786427075388610253611524844149667941108872452591491103510113204130348726952622324061272229123429280358638158265320753293626027224994447266831989192319228283831891841839272256962930037981854662498713600.000000
6.190000 -83341417660972632271376677162845846132099028575516445564575483380892621470112536964268510209370159653442309708115389143829190691523936422507972560978659059556135899429271314029981620944185603003160111409017341340701429750236153133049084641280.000000
6.200000 581540055540461716892862771629234304061019833555746176671649872300342064103644087736815301713935115980501021937743219904791540965994736469232550348695132957715501699055858052319174363558243673368266067825217629483284490185941551483849046753280.000000
6.210000 -4062044432939796100518920187211728115029401563579697435654506120645713877551550138510375872609606769921061389280990896015384777931871231801293357953479132764537466545522057742568122449864957835964033937430746043567458149734443558646883706470400.000000
6.220000 28402335255626941939979602986485316146376893227309011578107268221285444170028104006253147515511326538204621685027076194858757714488298621251156593040114354372756631867664485972834868633924546759055321424547003102717105450876395184670973020340224.000000
6.230000 -198795176146043882239717348749570887531821485096017066620633277559202513066979787191392908712992026505997870813966577369865758884774103662342225535854049339463617581889107100201641231941529208930645177445309587431443103568466490228454125322895360.000000
6.240000 1392830046262711703046076726972616736863283524720518048969087415881424528087752923723976254785756345924430039434385394197753981142982869612013479779062212694963015854248002843790866906720306866307983454956342333476013348495514451740742788300406784.000000
6.250000 -9768525073729118878891302870963383531670755070626150075292529208980481308385774283058165095945288835146411296755240024197346166278034640311706611035469945395037519525472523720313492595867866527642928236029706266112595603556451632610723599048769536.000000
6.260000 68579853038459047812969551289292664559999243378853436788435096594451513996001327667462836313827428571037449711709182214495079791085694923679302342761078989734934448119631925186925825725610198267707391636686203922552085933335512838176097534667128832.000000
6.270000 -481946580777910755290517568055600310313647732131405476757794368171619935370984531546681525688783811401188016881526749370581390310571567674931835190108984951573188188471493492298032616073349228795265186182042713022736627960679970165510648868758355968.000000
6.280000 3390269163321138238831126988491049199994162681134355065206501696269651081298662601623327893290118516342506778622604199490495031701130451397587381930171345901566282117444928554339617268457260819223206556921244106792922981283020292259773701573780176896.000000
6.290000 -23872643507454551470284318705943126293557746092957437464928409302674311578163391213302413802948573852060546396181933558035891684119073330006336235437501506109437586340189793239977198286301223618504515685242288381349674367203409832309105418612844265472.000000
6.300000 168265875109757034468208759829454765780528342066954185685233731297617519946632354081043190002141544194997895277094821407479331925000511105267238789078871643668579585021758787970437335507975338436746153933967177380587633352300422124033714610429726031872.000000
6.310000 -1187186481640757076638084834702907789183268954420343791333903213043337922813879737223020704955408140941109451176253165011921490548905117656636314806726878282869009974441334404785663707701581272109266088051768462283007700406434243016148660592266820190208.000000
6.320000 8384310660900611113497665473804011123576947614711761173611163028076385494611177394358897336203776842363779705377754536019483499172630791509137906625527032227321712169046052936625196240340760898093563268265946178704211519220419393322276250282023526072320.000000
6.330000 -59270621659121005925819818720172553821106934279367290255774356250762060685690660606448960980074766280322487075355946758107845422770186128750558217817113697179498729587385384137787144213033848887175272081681429834323448650934972479975142195317604794499072.000000
6.340000 419404892061397287034749232431725570258059880515719348357540318107012775778651505375085412656750550474023806677285918256394188712878346244960016273323381010857315402695830412876943468580649331691918051561522630287257984535718049843640377314411615694618624.000000
6.350000 -2970623332444949100094378503516410724606963492026571670610013281893811200711786990019234845684094184224026617657170329644896967781796605128047684378740295647989906258449271969471678312083613276108895109804391867730575383841676334770357387326839085076578304.000000
6.360000 21061048001554933936441666817097317483730788089647288939458547102904479718418506424830310631191419588741349016748065635262475199592334714165752967697973403622341116817515395406373897023347843065467913096671785334098333007560537612532598354996108877247807488.000000
6.370000 -149461342929837989009197028380461422294973576267177622059866512417489418092669362605618139597637043738627275810158360801105088996941366010194619496217159039714522711892615781027795265235885178381791127559004966792804998196952472760447287995990869798427820032.000000
6.380000 1061677277147998157784803861243374501480265790988499328812586662545300000094417937433547406975030026929526970977547898130279713523454715579711156922978131591118243475504736889534614470172555412662830889515938549315380522678393451756719486056463875579219804160.000000
6.390000 -7548647448554760486824562149694803306081281912981423644324248650631884274184668835391912317386137362462130691620334353921093279307450123073376181498973474510120929108907231951223283502184595363654277043197291022270934473588206896667920625688825969913320439808.000000
6.400000 53722595773985936777250873208374620518063729234763405531240451288027916550258181807728254036966343047930982232925389788091482947056419367674333335643326933709573720850497350868668321967259188022254786683606792899165213774730977141212676198822810705510472351744.000000
6.410000 -382696348778392766337352889486572935034804875201408540583265032290661684063802806489036607271947221284514961487805342855126901421025347354651233836208612547296382168192244363199611990659542138785031136567753478156651028110168319547449417180237916984084392837120.000000
6.420000 2728722676459570275241997739524590374800295595196504431906880916016645720116589746702464812637454484634165939965656520302044859935822587712807848755195555238398075149768264954461811335570953165303752757269381114131485972773287354560361537821522398795134431920128.000000
6.430000 -19474688057371377828806985521172625250638163571684754110252760343822372349271378517442610943245783611081410512950235309372164359795866533349559568339298312116606619990460644692518494975205869838291797598847379710702006377530380563373016293268281556027235723378688.000000
6.440000 139118836057712214230938602414042043669363086777462961977643887992930611075808889897419713809228225604292943496819837461491381512399424403851625127442647603561555686452055145153452116691200194578392905764553200984570093540972762062918710988509214729037043707412480.000000
6.450000 -994727153377073302439627437210338687746599961072665043856819828293979455656537224167983628124382465491660192757619419301613864661656223771129030606952657188029284581498329028255823226965341944384047440592981446805387907354351156691573527534324135124784907313741824.000000
6.460000 7119064522754422505574050556756228518450821645289950012990987911621034626220006583648221408100600384237970607376148567654371782726084183720769249013929610374487345060602409236674244864615690205886866020607795141999376616273666696676683315466531691260308575207030784.000000
6.470000 -50996587869730819877557025694742982918872880690763766477713090386691665058082811617211786160825956893330682624797976614061068123329114128775888946617000672403379133197704103976416522913125928715385166615513232309268497010772968703279455716916663320471157433459277824.000000
6.480000 365642666388390734965021079355027580302084146668889173722438641352798503247981263256107457398470863084839082844301582645172627634395368888325015817705011059090044867593631977909407801892392194813071338596606696786151312705578608411177384135239279517960298713957007360.000000
6.490000 -2624028264438474090733431798801315055995532111937581926220458309663460416299013893620163594721172919692477340411438241692664458634128746332813574788139110281027154354619266201985972275049109763455030024427876961911447507304113931754663886449963901786579770318723743744.000000
6.500000 18848395517932726564198941727052871829446498514027653314097764585038357436875099240684260224893387579277662258495000643707758865844594967887423551004330047180133309251189889618144755769162730942113550659448898557737294442513023950504154261799432011312100548261294637056.000000
6.510000 -135510470591667803686364613441142142785351174400274176965657865791254818780344712062732342903612572818490958035294680224469997060619447498381049558308619950579079522166297798095353474159861695691727458127204475242442071295637457293732566747464213635235699700912915218432.000000
6.520000 975129446787613685095502268044917724109659440490566956534896245101474252614441995548994119153869800258953754360146130174605513813059945458201356897482872947444187658282930314408279818985268920752355800767705862317594066152457295966841349520958944810765418542160026796032.000000
6.530000 -7023296627297078933141305552735039436085122509653854923325063765791463801642554599213136149088614747109532537281449935456616673771125723754039590652300304061533425184931641313444762051232913971689752729578896587968699956118501844377604403241640055602581773863916354404352.000000
6.540000 50629944648281575679827376040552233001275608008408393790432859464865702209117993108231544271753215255280076865507325049891036116604532578383182501564298704135073264143370289914127416786224731428472357491588897659649670202961905592758373462601778595447312154612061333094400.000000
6.550000 -365308674194128994007787191669302108783249284220644432345322675302545761342934383884549199120743222250051862888989799596607455834306818020865271846919299832490382899476795449046935091938665903589617170907457602304021721995684280726236977939750212841400119658315226026082304.000000
6.560000 2638134933734650322780910280607780268708621854184799439219687261524275315735040115962580138894906901061197832037906417428029217463813925704554466777857714588354746966853310782445945079824901140723439807417123589161153161649093665751423284308374745933879479694241150693015552.000000
6.570000 -19068517063369269940650324682636617278367549868036614135874070032621811328968881733425388347528026761217837125074102202680156168452115341139635254590631092797395667909113098635856372142262783919939181049782522288627934889932227988197197298565458491966254941640503489963491328.000000
6.580000 137948869179119068952418140466069145181602138241134830429793722881182738802326487342618278801243600898724577326555026072826967759918794843483505942502489560458624262787441807230557393608983430845567571762687619671843751611295482727588143960182177119789309170381014425051070464.000000
6.590000 -998847308459431196071140680815009876667389400812791323871247599127471057332255045356466593794590139077797713324381306131891652695057159056460859766647896664512151660129580586259972367939618193763207999851122788138653320263902219464113814983854277926101803475057314981969133568.000000
6.600000 7238660847954778501558503829906845773909619306656815380963088914435670934747949968349507442608304730458178720726660973052183779977738617635669943969502713700505663573310494025146241663257035771863045654072018083577287549545977074908482151491105530452485373638395764783659876352.000000
6.610000 -52504189939330135787735395586370679539171827313305044527004397181691577804956416002009996590124098707449747528380521412176035238848490586350873464438415431434997267169545091097529004284945817397231365179172740724405088218536687802952813574481340539474730705179537382496098320384.000000
6.620000 381157748533361171558360887441564476366482274707847890756590161909245651531131901319743150010391856636870402937921910533878730138795299006063031582310762440301478743117506057112021132621999815123899926927806598231914504539391121337668742172316779515588974510767312925543855292416.000000
6.630000 -2769421497383406200247221773036260756238090554667656704529523341500306554509791881267106775611322844214286788708158768403525701142884906712637832646176035449554357549859832721356033553362180803438244959875993288833643930654345081157184796304758644757917297528033933868732996648960.000000
6.640000 20139345255250505665526233479075358574768292923378864556723491299327974596972983765437260685293625421576692006289066635176731074552562265238020864603782964670675737385620636652676110080911197908865062736836901337965901188947733779067252280352974951011426662139366395950387844612096.000000
6.650000 -146579114015669592202990724394814153972054689607333159907794773051831197627692063043942597197252874956139703759729057412634245961498726712730120369726671680801578850140325068329465378472555881030480542467142714378621433085030145820544249951143887513862345836871551606549190144950272.000000
6.660000 1067745568134746782845150338297671088427319944368502379867522789278986841610923711851754772020080499375778468591714237567556222573415128388843509793954340511052455804524424697508748102687449970831107231484095901219818784942306216189674073632310527013674239998440485685918373922209792.000000
6.670000 -7784503067799085334755097109423224631262437763221428627117841545635808344660272161927106494336152296620373845657032769062471896427493278020251557227537758976576946414539902512239153598224570805626293263597415696253793712761458412484397638554030876799790564190255166097361774332346368.000000
6.680000 56801517942780866351426662340323104398585572815520752534343855382005671651621311350815556796412974595735856690829940194329966039290908302410094284996168154955570006348045284361340673576550345797609040568543784782106505729098258630431971151124439332195993125658370378365101330258722816.000000
6.690000 -414814021691520566553394581852129706208352312117703496796532007656454478076874154246654135730452798486555372413489024965277880642996579795472425301319379959773932344233929129915618913936670554439244841436796069622319342150294294987915484415686091623456330344927911438198327657401155584.000000
6.700000 3031865065426592119922846317329545569048869379809537589160072418392526817810983237617177746516013653332831865503106945490136681875730943500138572846662054489157472184516515693654255642505477607438358763524827086690615801696253639826366576151597233410120890214982747009832846705381343232.000000
6.710000 -22178276206081871350227015310756886693788143134529742566498166682900659212389366004392407954574614813433846416060044922657758148826330282033090720943437317904100838439214330341178066266597910114689755073777866476285071897342275097127152940115203364594110840707461252689910434684911747072.000000
6.720000 162369972301261438013017154507997591658683780446879902812595086344792043122346760513672994919710126869932245145032991350737505741558938973108119836795423874546134116359772616071794091286734568929317762440929300648927391751201135824875942524444401128020877267138245602148990834536192409600.000000
6.730000 -1189712966113764759939205138984329648079152102710649317471887994086405417918612605910728946531623202325296318328052648569048997620420713692255244396911315071344082823587001571373712386324910953054239819051570180982351360618393912045809883776553108160602843535628743790529802468618441588736.000000
6.740000 8724404032510965326992325278331420602221201559862937076657628932592716263218872592561678673573896823934549726571577515279087736268163125264097627129047761398235261826651560431981947097884457795234165608099265718850312343861969059021350375941916990550666572127625587646177591628210955616256.000000
6.750000 -64030220429905378809959745857658202633512963771219034038401538601536150835293948830034970501673077835744243718264492459895055007774335596914904510466399344376410608212728580922268687058905453911340314575367748908091540895645888078001810585731479219888822549511084567935446693473660822355968.000000
6.760000 470314576482219148395965878178701981579489593413470410138872945229992226842773329176751206803574040622768500185238073330649957078603852452691986433356048108013594720497053440282694632892467948128050787332295276849489556233027021122985058236319642706686165420675466357862139579117799074693120.000000
6.770000 -3457360507660325153540051475793761766177542055649983054250030689130396748462160860313944514624211607166789937144244196121374188190333171982463820708137282948827381600026679999620433752101043467787416016178998361816963009154042257503375020474751823202593170912883031794608289294615373756235776.000000
6.780000 25436201613699207622233054110645787062322138963515496463298374413067292469566751027512192569568329642869011072457815189886531028803633899711404455277989546734440257972857053956229006794062984543180816436739876662446623412690028465222817380457593985498500124580459187241957033866453144811077632.000000
6.790000 -187287934575347663011809677513250999786589454400435446776285070861715491645723101094203421413877039005356189188122618627125905379266149897353637112696242725196122125908927110119777498594883532719605846858568187990208978446213018749383223504697135312670493502118704755319398981448028480979599360.000000
6.800000 1380116935184082199468819493906439421549735810973140028786567678298100526633197530008912633045820995450254434312216214732616266724352011609415294882584209648412597677975968566693967856743555436781808722003312215484234259445823214331295195207515122033376087849163342189334208062034705920211025920.000000
6.810000 -10178156257532486103958457632341904361782300973913022801203212502167128162942852462866941982476902879327459559390585137598789077887310133987762232830773940855174466058435281932910893670983150535534044841769661595476432650497798022670918982109781368787833632600214136042893258448492481128028962816.000000
6.820000 75122164937066708770390121609241852055773321268262413130358844560360863048340200456333107492730610794453495152986346297110974481860585386013399457819075369510480278383333202610577927486866024721140450942090366710897058536353397811380190432359580518275578249332074770511706189278309391788522078208.000000
6.830000 -554895809097754126054918112648658240204435762641363227880729596600211280604651209259743130422455635816389802835085021110168275691037699413767558459670470756019351535013631393871975355193997873708068195269682102331254632071297548666533056711392002095793002233861416989328184124614156740770452733952.000000
6.840000 4102020112207623937017803812175836571746610758526648406079112568078391810887716149488394054227264307648644962879260681354466026500397830688597274252707233147250215750951714164307727644319825844698146146574282372683587698360932609782807876191730038901369042723305391655380077043273550389255201619968.000000
6.850000 -30347697570636580393951311439930358135109926483922451742585222046407565869610953982467837671876194447480564289866602100100121079638018834093302640650530853732395449037716437946205346039192875365175242372969002771781113219249216954600522029005101644543580477463547693735712112063424982672117143175168.000000
6.860000 224695289798415136037837836175973045826476019641833719722562397256288433388520372527155468517749641942554441747115387038697871298370047377555914609624768771218480889313352065304827698462867413033221470861708164910879282954468614203340181776878469597509752902408131889441396357139603016483166190829568.000000
6.870000 -1664949607710997726697005484854886214316877028158305651907522196969507363367150031574493186926028013211760326630835874550962983560001961247875787974633549497634876062143449870139068320107237840561659718926102014424512268301171957451506345328564402535802494611556619732638127901007444461580884155301888.000000
6.880000 12346554391370096080691641693701285403276668271725249685656630589613159458412338620545836443960924340838811520780230088684995947762897299788359808473263362825111200153393569220368122550259773177553483073847583206058122602533947425960542689811539606011582038208465486280946766738399636268511242143924224.000000
6.890000 -91627675515125495361448004046920778629353960440330717729410812797437145489398231822254638446882555420696135900120535687811770902638840845700475614767126315177208141701602945687577651218483102912635969770746817415881927241378988023421874373234945382470270524288638324721361419635928784489922229463678976.000000
6.900000 680522431454010739496770123036550445979776746285934565498258179058912472323397736019849827864587088469794015871984488765361289086666070579894248289513317830018831498607779603957987244531765465736985023486813074143611344982194400712139774932442555585385810552708112808475768193742501559532047076381687808.000000
6.910000 -5058150819513175545261165719136501906712059804457748882757762470210609896689119392110418309677563520551176156803375691221283115460629234282266915305488928277302756690904203968656594850775076166222941174062420415056634962776864571577714054703007566043531508898678481614201134102656421937473201770099376128.000000
6.920000 37624725307326544196942022697271812195833419085009477775060479171786357583337374100730111134354522268185929072760176411761571547445411540295918562345047049116495895026066526767850827151577698235703176810099948225338422025900336275829935278914781309579453643696208899075114829364991109581982386512151445504.000000
6.930000 -280082401656852871152659197420648006060521592310419633543413346220430609330380766182770568976962245776468599345955558717354839949014719837241735217346504661539874081105645004487554301024783936532667878448011888316344083291545279742569344999135954274908657939960063275139961419193887325342332151906799976448.000000
6.940000 2086545790542665730858432916255162875798194415946765712644516092059684617894956035559134983152912500522843274387451076595956153238028560759753919943880191233038042011590031671941904794109245472207194476343171082023298097563803399929526142880099889613657773088502483366738106579417761884492562333991933313024.000000
6.950000 -15556014282153663147013232474879184676360845948442274438351030034757773063073631331858266064638489757909869512005812919684082760689143593744719616521303054765500954534998723586600761038367526850589937435544571419284516011595988188281223566132712822518310568236122526793263452507373439102839059030158635696128.000000
6.960000 inf
6.970000 -inf
6.980000 -nan
6.990000 -nan
7.000000 -nan
7.010000 -nan
7.020000 -nan
7.030000 -nan
7.040000 -nan
7.050000 -nan
7.060000 -nan
7.070000 -nan
7.080000 -nan
7.090000 -nan
7.100000 -nan
7.110000 -nan
7.120000 -nan
7.130000 -nan
7.140000 -nan
7.150000 -nan
7.160000 -nan
7.170000 -nan
7.180000 -nan
7.190000 -nan
7.200000 -nan
7.210000 -nan
7.220000 -nan
7.230000 -nan
7.240000 -nan
7.250000 -nan
7.260000 -nan
7.270000 -nan
7.280000 -nan
7.290000 -nan
7.300000 -nan
7.310000 -nan
7.320000 -nan
7.330000 -nan
7.340000 -nan
7.350000 -nan
7.360000 -nan
7.370000 -nan
7.380000 -nan
7.390000 -nan
7.400000 -nan
7.410000 -nan
7.420000 -nan
7.430000 -nan
7.440000 -nan
7.450000 -nan
7.460000 -nan
7.470000 -nan
7.480000 -nan
7.490000 -nan
7.500000 -nan
7.510000 -nan
7.520000 -nan
7.530000 -nan
7.540000 -nan
7.550000 -nan
7.560000 -nan
7.570000 -nan
7.580000 -nan
7.590000 -nan
7.600000 -nan
7.610000 -nan
7.620000 -nan
7.630000 -nan
7.640000 -nan
7.650000 -nan
7.660000 -nan
7.670000 -nan
7.680000 -nan
7.690000 -nan
7.700000 -nan
7.710000 -nan
7.720000 -nan
7.730000 -nan
7.740000 -nan
7.750000 -nan
7.760000 -nan
7.770000 -nan
7.780000 -nan
7.790000 -nan
7.800000 -nan
7.810000 -nan
7.820000 -nan
7.830000 -nan
7.840000 -nan
7.850000 -nan
7.860000 -nan
7.870000 -nan
7.880000 -nan
7.890000 -nan
7.900000 -nan
7.910000 -nan
7.920000 -nan
7.930000 -nan
7.940000 -nan
7.950000 -nan
7.960000 -nan
7.970000 -nan
7.980000 -nan
7.990000 -nan
8.000000 -nan
8.010000 -nan
8.020000 -nan
8.030000 -nan
8.040000 -nan
8.050000 -nan
8.060000 -nan
8.070000 -nan
8.080000 -nan
8.090000 -nan
8.100000 -nan
8.110000 -nan
8.120000 -nan
8.130000 -nan
8.140000 -nan
8.150000 -nan
8.160000 -nan
8.170000 -nan
8.180000 -nan
8.190000 -nan
8.200000 -nan
8.210000 -nan
8.220000 -nan
8.230000 -nan
8.240000 -nan
8.250000 -nan
8.260000 -nan
8.270000 -nan
8.280000 -nan
8.290000 -nan
8.300000 -nan
8.310000 -nan
8.320000 -nan
8.330000 -nan
8.340000 -nan
8.350000 -nan
8.360000 -nan
8.370000 -nan
8.380000 -nan
8.390000 -nan
8.400000 -nan
8.410000 -nan
8.420000 -nan
8.430000 -nan
8.440000 -nan
8.450000 -nan
8.460000 -nan
8.470000 -nan
8.480000 -nan
8.490000 -nan
8.500000 -nan
8.510000 -nan
8.520000 -nan
8.530000 -nan
8.540000 -nan
8.550000 -nan
8.560000 -nan
8.570000 -nan
8.580000 -nan
8.590000 -nan
8.600000 -nan
8.610000 -nan
8.620000 -nan
8.630000 -nan
8.640000 -nan
8.650000 -nan
8.660000 -nan
8.670000 -nan
8.680000 -nan
8.690000 -nan
8.700000 -nan
8.710000 -nan
8.720000 -nan
8.730000 -nan
8.740000 -nan
8.750000 -nan
8.760000 -nan
8.770000 -nan
8.780000 -nan
8.790000 -nan
8.800000 -nan
8.810000 -nan
8.820000 -nan
8.830000 -nan
8.840000 -nan
8.850000 -nan
8.860000 -nan
8.870000 -nan
8.880000 -nan
8.890000 -nan
8.900000 -nan
8.910000 -nan
8.920000 -nan
8.930000 -nan
8.940000 -nan
8.950000 -nan
8.960000 -nan
8.970000 -nan
8.980000 -nan
8.990000 -nan
9.000000 -nan
9.010000 -nan
9.020000 -nan
9.030000 -nan
9.040000 -nan
9.050000 -nan
9.060000 -nan
9.070000 -nan
9.080000 -nan
9.090000 -nan
9.100000 -nan
9.110000 -nan
9.120000 -nan
9.130000 -nan
9.140000 -nan
9.150000 -nan
9.160000 -nan
9.170000 -nan
9.180000 -nan
9.190000 -nan
9.200000 -nan
9.210000 -nan
9.220000 -nan
9.230000 -nan
9.240000 -nan
9.250000 -nan
9.260000 -nan
9.270000 -nan
9.280000 -nan
9.290000 -nan
9.300000 -nan
9.310000 -nan
9.320000 -nan
9.330000 -nan
9.340000 -nan
9.350000 -nan
9.360000 -nan
9.370000 -nan
9.380000 -nan
9.390000 -nan
9.400000 -nan
9.410000 -nan
9.420000 -nan
9.430000 -nan
9.440000 -nan
9.450000 -nan
9.460000 -nan
9.470000 -nan
9.480000 -nan
9.490000 -nan
9.500000 -nan
9.510000 -nan
9.520000 -nan
9.530000 -nan
9.540000 -nan
9.550000 -nan
9.560000 -nan
9.570000 -nan
9.580000 -nan
9.590000 -nan
9.600000 -nan
9.610000 -nan
9.620000 -nan
9.630000 -nan
9.640000 -nan
9.650000 -nan
9.660000 -nan
9.670000 -nan
9.680000 -nan
9.690000 -nan
9.700000 -nan
9.710000 -nan
9.720000 -nan
9.730000 -nan
9.740000 -nan
9.750000 -nan
9.760000 -nan
9.770000 -nan
9.780000 -nan
9.790000 -nan
9.800000 -nan
9.810000 -nan
9.820000 -nan
9.830000 -nan
9.840000 -nan
9.850000 -nan
9.860000 -nan
9.870000 -nan
9.880000 -nan
9.890000 -nan
9.900000 -nan
9.910000 -nan
9.920000 -nan
9.930000 -nan
9.940000 -nan
9.950000 -nan
9.960000 -nan
9.970000 -nan
9.980000 -nan
